0.0
0.01278772378516624
0.02557544757033248
0.03836317135549872
0.05115089514066496
0.0639386189258312
0.07672634271099744
0.08951406649616368
0.10230179028132992
0.11508951406649616
0.1278772378516624
0.14066496163682865
0.1534526854219949
0.16624040920716113
0.17902813299232737
0.1918158567774936
0.20460358056265984
0.21739130434782608
0.23017902813299232
0.24296675191815856
0.2557544757033248
0.26854219948849106
0.2813299232736573
0.29411764705882354
0.3069053708439898
0.319693094629156
0.33248081841432225
0.3452685421994885
0.35805626598465473
0.37084398976982097
0.3836317135549872
0.39641943734015345
0.4092071611253197
0.4219948849104859
0.43478260869565216
0.4475703324808184
0.46035805626598464
0.4731457800511509
0.4859335038363171
0.49872122762148335
0.5115089514066496
0.5242966751918159
0.5370843989769821
0.5498721227621484
0.5626598465473146
0.5754475703324808
0.5882352941176471
0.6010230179028133
0.6138107416879796
0.6265984654731458
0.639386189258312
0.6521739130434783
0.6649616368286445
0.6777493606138107
0.690537084398977
0.7033248081841432
0.7161125319693095
0.7289002557544757
0.7416879795396419
0.7544757033248082
0.7672634271099744
0.7800511508951407
0.7928388746803069
0.8056265984654731
0.8184143222506394
0.8312020460358056
0.8439897698209718
0.8567774936061381
0.8695652173913043
0.8823529411764706
0.8951406649616368
0.907928388746803
0.9207161125319693
0.9335038363171355
0.9462915601023018
0.959079283887468
0.9718670076726342
0.9846547314578005
0.9974424552429667
1.00