0.0
0.0
0.011976047904191617
0.023952095808383235
0.03592814371257485
0.04790419161676647
0.059880239520958084
0.0718562874251497
0.08383233532934131
0.09580838323353294
0.10778443113772455
0.11976047904191617
0.1317365269461078
0.1437125748502994
0.15568862275449102
0.16766467065868262
0.17964071856287425
0.19161676646706588
0.20359281437125748
0.2155688622754491
0.2275449101796407
0.23952095808383234
0.25149700598802394
0.2634730538922156
0.2754491017964072
0.2874251497005988
0.2994011976047904
0.31137724550898205
0.32335329341317365
0.33532934131736525
0.3473053892215569
0.3592814371257485
0.3712574850299401
0.38323353293413176
0.39520958083832336
0.40718562874251496
0.41916167664670656
0.4311377245508982
0.4431137724550898
0.4550898203592814
0.46706586826347307
0.47904191616766467
0.49101796407185627
0.5029940119760479
0.5149700598802395
0.5269461077844312
0.5389221556886228
0.5508982035928144
0.562874251497006
0.5748502994011976
0.5868263473053892
0.5988023952095808
0.6107784431137725
0.6227544910179641
0.6347305389221557
0.6467065868263473
0.6586826347305389
0.6706586826347305
0.6826347305389222
0.6946107784431138
0.7065868263473054
0.718562874251497
0.7305389221556886
0.7425149700598802
0.7544910179640718
0.7664670658682635
0.7784431137724551
0.7904191616766467
0.8023952095808383
0.8143712574850299
0.8263473053892215
0.8383233532934131
0.8502994011976048
0.8622754491017964
0.874251497005988
0.8862275449101796
0.8982035928143712
0.9101796407185628
0.9221556886227545
0.9341317365269461
0.9461077844311377
0.9580838323353293
0.9700598802395209
0.9820359281437125
0.9940119760479041
1.00