0.0
0.00639386189258312
0.01278772378516624
0.01918158567774936
0.02557544757033248
0.0319693094629156
0.03836317135549872
0.04475703324808184
0.05115089514066496
0.05754475703324808
0.0639386189258312
0.07033248081841433
0.07672634271099744
0.08312020460358056
0.08951406649616368
0.0959079283887468
0.10230179028132992
0.10869565217391304
0.11508951406649616
0.12148337595907928
0.1278772378516624
0.13427109974424553
0.14066496163682865
0.14705882352941177
0.1534526854219949
0.159846547314578
0.16624040920716113
0.17263427109974425
0.17902813299232737
0.18542199488491048
0.1918158567774936
0.19820971867007672
0.20460358056265984
0.21099744245524296
0.21739130434782608
0.2237851662404092
0.23017902813299232
0.23657289002557544
0.24296675191815856
0.24936061381074168
0.2557544757033248
0.26214833759590794
0.26854219948849106
0.2749360613810742
0.2813299232736573
0.2877237851662404
0.29411764705882354
0.30051150895140666
0.3069053708439898
0.3132992327365729
0.319693094629156
0.32608695652173914
0.33248081841432225
0.3388746803069054
0.3452685421994885
0.3516624040920716
0.35805626598465473
0.36445012787723785
0.37084398976982097
0.3772378516624041
0.3836317135549872
0.3900255754475703
0.39641943734015345
0.40281329923273657
0.4092071611253197
0.4156010230179028
0.4219948849104859
0.42838874680306904
0.43478260869565216
0.4411764705882353
0.4475703324808184
0.4539641943734015
0.46035805626598464
0.46675191815856776
0.4731457800511509
0.479539641943734
0.4859335038363171
0.49232736572890023
0.49872122762148335
0.5051150895140665
0.5115089514066496
0.5179028132992327
0.5242966751918159
0.530690537084399
0.5370843989769821
0.5434782608695652
0.5498721227621484
0.5562659846547314
0.5626598465473146
0.5690537084398977
0.5754475703324808
0.5818414322250639
0.5882352941176471
0.5946291560102301
0.6010230179028133
0.6074168797953964
0.6138107416879796
0.6202046035805626
0.6265984654731458
0.6329923273657289
0.639386189258312
0.6457800511508951
0.6521739130434783
0.6585677749360613
0.6649616368286445
0.6713554987212276
0.6777493606138107
0.6841432225063938
0.690537084398977
0.69693094629156
0.7033248081841432
0.7097186700767263
0.7161125319693095
0.7225063938618926
0.7289002557544757
0.7352941176470589
0.7416879795396419
0.7480818414322251
0.7544757033248082
0.7608695652173914
0.7672634271099744
0.7736572890025576
0.7800511508951407
0.7864450127877238
0.7928388746803069
0.7992327365728901
0.8056265984654731
