0.0
0.006397952655150352
0.012795905310300703
0.019193857965451054
0.025591810620601407
0.03198976327575176
0.03838771593090211
0.044785668586052464
0.05118362124120281
0.05758157389635317
0.06397952655150352
0.07037747920665387
0.07677543186180422
0.08317338451695458
0.08957133717210493
0.09596928982725528
0.10236724248240563
0.10876519513755598
0.11516314779270634
0.12156110044785669
0.12795905310300704
0.1343570057581574
0.14075495841330773
0.1471529110684581
0.15355086372360843
0.1599488163787588
0.16634676903390916
0.1727447216890595
0.17914267434420986
0.1855406269993602
0.19193857965451055
0.19833653230966092
0.20473448496481125
0.21113243761996162
0.21753039027511195
0.22392834293026231
0.23032629558541268
0.236724248240563
0.24312220089571338
0.2495201535508637
0.2559181062060141
0.26231605886116444
0.2687140115163148
0.2751119641714651
0.28150991682661547
0.28790786948176583
0.2943058221369162
0.30070377479206656
0.30710172744721687
0.31349968010236723
0.3198976327575176
0.32629558541266795
0.3326935380678183
0.3390914907229686
0.345489443378119
0.35188739603326935
0.3582853486884197
0.3646833013435701
0.3710812539987204
0.37747920665387075
0.3838771593090211
0.3902751119641715
0.39667306461932184
0.40307101727447214
0.4094689699296225
0.41586692258477287
0.42226487523992323
0.4286628278950736
0.4350607805502239
0.44145873320537427
0.44785668586052463
0.454254638515675
0.46065259117082535
0.46705054382597566
0.473448496481126
0.4798464491362764
0.48624440179142675
0.4926423544465771
0.4990403071017274
0.5054382597568778
0.5118362124120281
0.5182341650671785
0.5246321177223289
0.5310300703774792
0.5374280230326296
0.5438259756877799
0.5502239283429302
0.5566218809980806
0.5630198336532309
0.5694177863083814
0.5758157389635317
0.582213691618682
0.5886116442738324
0.5950095969289827
0.6014075495841331
0.6078055022392834
0.6142034548944337
0.6206014075495841
0.6269993602047345
0.6333973128598849
0.6397952655150352
0.6461932181701855
0.6525911708253359
0.6589891234804862
0.6653870761356366
0.6717850287907869
0.6781829814459372
0.6845809341010877
0.690978886756238
0.6973768394113884
0.7037747920665387
0.710172744721689
0.7165706973768394
0.7229686500319897
0.7293666026871402
0.7357645553422905
0.7421625079974408
0.7485604606525912
0.7549584133077415
