0.0
0.005649717514124294
0.011299435028248588
0.01694915254237288
0.022598870056497175
0.02824858757062147
0.03389830508474576
0.03954802259887006
0.04519774011299435
0.05084745762711865
0.05649717514124294
0.062146892655367235
0.06779661016949153
0.07344632768361582
0.07909604519774012
0.0847457627118644
0.0903954802259887
0.096045197740113
0.1016949152542373
0.10734463276836158
0.11299435028248588
0.11864406779661017
0.12429378531073447
0.12994350282485875
0.13559322033898305
0.14124293785310735
0.14689265536723164
0.15254237288135594
0.15819209039548024
0.1638418079096045
0.1694915254237288
0.1751412429378531
0.1807909604519774
0.1864406779661017
0.192090395480226
0.1977401129943503
0.2033898305084746
0.20903954802259886
0.21468926553672316
0.22033898305084745
0.22598870056497175
0.23163841807909605
0.23728813559322035
0.24293785310734464
0.24858757062146894
0.2542372881355932
0.2598870056497175
0.2655367231638418
0.2711864406779661
0.2768361581920904
0.2824858757062147
0.288135593220339
0.2937853107344633
0.2994350282485876
0.3050847457627119
0.3107344632768362
0.3163841807909605
0.3220338983050847
0.327683615819209
0.3333333333333333
0.3389830508474576
0.3446327683615819
0.3502824858757062
0.3559322033898305
0.3615819209039548
0.3672316384180791
0.3728813559322034
0.3785310734463277
0.384180790960452
0.3898305084745763
0.3954802259887006
0.4011299435028249
0.4067796610169492
0.4124293785310734
0.4180790960451977
0.423728813559322
0.4293785310734463
0.4350282485875706
0.4406779661016949
0.4463276836158192
0.4519774011299435
0.4576271186440678
0.4632768361581921
0.4689265536723164
0.4745762711864407
0.480225988700565
0.4858757062146893
0.4915254237288136
0.4971751412429379
0.5028248587570622
0.5084745762711864
0.5141242937853108
0.519774011299435
0.5254237288135594
0.5310734463276836
0.536723163841808
0.5423728813559322
0.5480225988700564
0.5536723163841808
0.559322033898305
0.5649717514124294
0.5706214689265536
0.576271186440678
0.5819209039548022
0.5875706214689266
0.5932203389830508
0.5988700564971752
0.6045197740112994
0.6101694915254238
0.615819209039548
0.6214689265536724
0.6271186440677966
0.632768361581921
0.6384180790960452
0.6440677966101694
0.6497175141242938
0.655367231638418
0.6610169491525424
0.6666666666666666
0.672316384180791
0.6779661016949152
0.6836158192090396
0.6892655367231638
0.6949152542372882
0.7005649717514124
0.7062146892655368
0.711864406779661
0.7175141242937854
0.7231638418079096
0.7288135593220338
0.7344632768361582
0.7401129943502824
0.7457627118644068
0.751412429378531
0.7570621468926554
0.7627118644067796
0.768361581920904
0.7740112994350282
0.7796610169491526
0.7853107344632768
0.7909604519774012
0.7966101694915254
0.8022598870056498
0.807909604519774
0.8135593220338984
0.8192090395480226
0.8248587570621468
0.8305084745762712
0.8361581920903954
0.8418079096045198
0.847457627118644
0.8531073446327684
0.8587570621468926
0.864406779661017
0.8700564971751412
0.8757062146892656
0.8813559322033898
0.8870056497175142
0.8926553672316384
0.8983050847457628
0.903954802259887
0.9096045197740112
0.9152542372881356
0.9209039548022598
0.9265536723163842
0.9322033898305084
0.9378531073446328
0.943502824858757
0.9491525423728814
0.9548022598870056
0.96045197740113
0.9661016949152542
0.9717514124293786
0.9774011299435028
0.9830508474576272
0.9887005649717514
0.9943502824858758
0.0
0.005649717514124294
0.011299435028248588
0.01694915254237288
0.022598870056497175
0.02824858757062147
0.03389830508474576
0.03954802259887006
0.04519774011299435
0.05084745762711865
0.05649717514124294
0.062146892655367235
0.06779661016949153
0.07344632768361582
0.07909604519774012
0.0847457627118644
0.0903954802259887
0.096045197740113
0.1016949152542373
0.10734463276836158
0.11299435028248588
0.11864406779661017
0.12429378531073447
0.12994350282485875
0.13559322033898305
0.14124293785310735
0.14689265536723164
0.15254237288135594
0.15819209039548024
0.1638418079096045
0.1694915254237288
0.1751412429378531
0.1807909604519774
0.1864406779661017
0.192090395480226
0.1977401129943503
0.2033898305084746
0.20903954802259886
0.21468926553672316
0.22033898305084745
0.22598870056497175
0.23163841807909605
0.23728813559322035
0.24293785310734464
0.24858757062146894
0.2542372881355932
0.2598870056497175
0.2655367231638418
0.2711864406779661
0.2768361581920904
0.2824858757062147
0.288135593220339
0.2937853107344633
0.2994350282485876
0.3050847457627119
0.3107344632768362
0.3163841807909605
0.3220338983050847
0.327683615819209
0.3333333333333333
0.3389830508474576
0.3446327683615819
0.3502824858757062
0.3559322033898305
0.3615819209039548
0.3672316384180791
0.3728813559322034
0.3785310734463277
0.384180790960452
0.3898305084745763
0.3954802259887006
0.4011299435028249
0.4067796610169492
0.4124293785310734
0.4180790960451977
0.423728813559322
0.4293785310734463
0.4350282485875706
0.4406779661016949
0.4463276836158192
0.4519774011299435
0.4576271186440678
0.4632768361581921
0.4689265536723164
0.4745762711864407
0.480225988700565
0.4858757062146893
0.4915254237288136
0.4971751412429379
0.5028248587570622
0.5084745762711864
0.5141242937853108
0.519774011299435
0.5254237288135594
0.5310734463276836
0.536723163841808
0.5423728813559322
0.5480225988700564
0.5536723163841808
0.559322033898305
0.5649717514124294
0.5706214689265536
0.576271186440678
0.5819209039548022
0.5875706214689266
0.5932203389830508
0.5988700564971752
0.6045197740112994
0.6101694915254238
0.615819209039548
0.6214689265536724
0.6271186440677966
0.632768361581921
0.6384180790960452
0.6440677966101694
0.6497175141242938
0.655367231638418
0.6610169491525424
0.6666666666666666
0.672316384180791
0.6779661016949152
0.6836158192090396
0.6892655367231638
0.6949152542372882
0.7005649717514124
0.7062146892655368
0.711864406779661
0.7175141242937854
0.7231638418079096
0.7288135593220338
0.7344632768361582
0.7401129943502824
0.7457627118644068
0.751412429378531
0.7570621468926554
0.7627118644067796
0.768361581920904
0.7740112994350282
0.7796610169491526
0.7853107344632768
0.7909604519774012
0.7966101694915254
0.8022598870056498
0.807909604519774
0.8135593220338984
0.8192090395480226
0.8248587570621468
0.8305084745762712
0.8361581920903954
0.8418079096045198
0.847457627118644
0.8531073446327684
0.8587570621468926
0.864406779661017
0.8700564971751412
0.8757062146892656
0.8813559322033898
0.8870056497175142
0.8926553672316384
0.8983050847457628
0.903954802259887
0.9096045197740112
0.9152542372881356
0.9209039548022598
0.9265536723163842
0.9322033898305084
0.9378531073446328
0.943502824858757
0.9491525423728814
0.9548022598870056
0.96045197740113
0.9661016949152542
0.9717514124293786
0.9774011299435028
0.9830508474576272
0.9887005649717514
0.9943502824858758
0.0
0.005649717514124294
0.011299435028248588
0.01694915254237288
0.022598870056497175
0.02824858757062147
0.03389830508474576
0.03954802259887006
0.04519774011299435
0.05084745762711865
0.05649717514124294
0.062146892655367235
0.06779661016949153
0.07344632768361582
0.07909604519774012
0.0847457627118644
0.0903954802259887
0.096045197740113
0.1016949152542373
0.10734463276836158
0.11299435028248588
0.11864406779661017
0.12429378531073447
0.12994350282485875
0.13559322033898305
0.14124293785310735
0.14689265536723164
0.15254237288135594
0.15819209039548024
0.1638418079096045
0.1694915254237288
0.1751412429378531
0.1807909604519774
0.1864406779661017
0.192090395480226
0.1977401129943503
0.2033898305084746
0.20903954802259886
0.21468926553672316
0.22033898305084745
0.22598870056497175
0.23163841807909605
0.23728813559322035
0.24293785310734464
0.24858757062146894
0.2542372881355932
0.2598870056497175
0.2655367231638418
0.2711864406779661
0.2768361581920904
0.2824858757062147
0.288135593220339
0.2937853107344633
0.2994350282485876
0.3050847457627119
0.3107344632768362
0.3163841807909605
0.3220338983050847
0.327683615819209
0.3333333333333333
0.3389830508474576
0.3446327683615819
0.3502824858757062
0.3559322033898305
0.3615819209039548
0.3672316384180791
0.3728813559322034
0.3785310734463277
0.384180790960452
0.3898305084745763
0.3954802259887006
0.4011299435028249
0.4067796610169492
0.4124293785310734
0.4180790960451977
0.423728813559322
0.4293785310734463
0.4350282485875706
0.4406779661016949
0.4463276836158192
0.4519774011299435
0.4576271186440678
0.4632768361581921
0.4689265536723164
0.4745762711864407
0.480225988700565
0.4858757062146893
0.4915254237288136
0.4971751412429379
0.5028248587570622
0.5084745762711864
0.5141242937853108
0.519774011299435
0.5254237288135594
0.5310734463276836
0.536723163841808
0.5423728813559322
0.5480225988700564
0.5536723163841808
0.559322033898305
0.5649717514124294
0.5706214689265536
0.576271186440678
0.5819209039548022
0.5875706214689266
0.5932203389830508
0.5988700564971752
0.6045197740112994
0.6101694915254238
0.615819209039548
0.6214689265536724
0.6271186440677966
0.632768361581921
0.6384180790960452
0.6440677966101694
0.6497175141242938
0.655367231638418
0.6610169491525424
0.6666666666666666
0.672316384180791
0.6779661016949152
0.6836158192090396
0.6892655367231638
0.6949152542372882
0.7005649717514124
0.7062146892655368
0.711864406779661
0.7175141242937854
0.7231638418079096
0.7288135593220338
0.7344632768361582
0.7401129943502824
0.7457627118644068
0.751412429378531
0.7570621468926554
0.7627118644067796
0.768361581920904
0.7740112994350282
0.7796610169491526
0.7853107344632768
0.7909604519774012
0.7966101694915254
0.8022598870056498
0.807909604519774
0.8135593220338984
0.8192090395480226
0.8248587570621468
0.8305084745762712
0.8361581920903954
0.8418079096045198
0.847457627118644
0.8531073446327684
0.8587570621468926
0.864406779661017
0.8700564971751412
0.8757062146892656
0.8813559322033898
0.8870056497175142
0.8926553672316384
0.8983050847457628
0.903954802259887
0.9096045197740112
0.9152542372881356
0.9209039548022598
0.9265536723163842
0.9322033898305084
0.9378531073446328
0.943502824858757
0.9491525423728814
0.9548022598870056
0.96045197740113
0.9661016949152542
0.9717514124293786
0.9774011299435028
0.9830508474576272
0.9887005649717514
0.9943502824858758
0.0
0.005649717514124294
0.011299435028248588
0.01694915254237288
0.022598870056497175
0.02824858757062147
0.03389830508474576
0.03954802259887006
0.04519774011299435
0.05084745762711865
0.05649717514124294
0.062146892655367235
0.06779661016949153
0.07344632768361582
0.07909604519774012
0.0847457627118644
0.0903954802259887
0.096045197740113
0.1016949152542373
0.10734463276836158
0.11299435028248588
0.11864406779661017
0.12429378531073447
0.12994350282485875
0.13559322033898305
0.14124293785310735
0.14689265536723164
0.15254237288135594
0.15819209039548024
0.1638418079096045
0.1694915254237288
0.1751412429378531
0.1807909604519774
0.1864406779661017
0.192090395480226
0.1977401129943503
0.2033898305084746
0.20903954802259886
0.21468926553672316
0.22033898305084745
0.22598870056497175
0.23163841807909605
0.23728813559322035
0.24293785310734464
0.24858757062146894
0.2542372881355932
0.2598870056497175
0.2655367231638418
0.2711864406779661
0.2768361581920904
0.2824858757062147
0.288135593220339
0.2937853107344633
0.2994350282485876
0.3050847457627119
0.3107344632768362
0.3163841807909605
0.3220338983050847
0.327683615819209
0.3333333333333333
0.3389830508474576
0.3446327683615819
0.3502824858757062
0.3559322033898305
0.3615819209039548
0.3672316384180791
0.3728813559322034
0.3785310734463277
0.384180790960452
0.3898305084745763
0.3954802259887006
0.4011299435028249
0.4067796610169492
0.4124293785310734
0.4180790960451977
0.423728813559322
0.4293785310734463
0.4350282485875706
0.4406779661016949
0.4463276836158192
0.4519774011299435
0.4576271186440678
0.4632768361581921
0.4689265536723164
0.4745762711864407
0.480225988700565
0.4858757062146893
0.4915254237288136
0.4971751412429379
0.5028248587570622
0.5084745762711864
0.5141242937853108
0.519774011299435
0.5254237288135594
0.5310734463276836
0.536723163841808
0.5423728813559322
0.5480225988700564
0.5536723163841808
0.559322033898305
0.5649717514124294
0.5706214689265536
0.576271186440678
0.5819209039548022
0.5875706214689266
0.5932203389830508
0.5988700564971752
0.6045197740112994
0.6101694915254238
0.615819209039548
0.6214689265536724
0.6271186440677966
0.632768361581921
0.6384180790960452
0.6440677966101694
0.6497175141242938
0.655367231638418
0.6610169491525424
0.6666666666666666
0.672316384180791
0.6779661016949152
0.6836158192090396
0.6892655367231638
0.6949152542372882
0.7005649717514124
0.7062146892655368
0.711864406779661
0.7175141242937854
0.7231638418079096
0.7288135593220338
0.7344632768361582
0.7401129943502824
0.7457627118644068
0.751412429378531
0.7570621468926554
0.7627118644067796
0.768361581920904
0.7740112994350282
0.7796610169491526
0.7853107344632768
0.7909604519774012
0.7966101694915254
0.8022598870056498
0.807909604519774
0.8135593220338984
0.8192090395480226
0.8248587570621468
0.8305084745762712
0.8361581920903954
0.8418079096045198
0.847457627118644
0.8531073446327684
0.8587570621468926
0.864406779661017
0.8700564971751412
0.8757062146892656
0.8813559322033898
0.8870056497175142
0.8926553672316384
0.8983050847457628
0.903954802259887
0.9096045197740112
0.9152542372881356
0.9209039548022598
0.9265536723163842
0.9322033898305084
0.9378531073446328
0.943502824858757
0.9491525423728814
0.9548022598870056
0.96045197740113
0.9661016949152542
0.9717514124293786
0.9774011299435028
0.9830508474576272
0.9887005649717514
0.9943502824858758
0.0
0.005649717514124294
0.011299435028248588
0.01694915254237288
0.022598870056497175
0.02824858757062147
0.03389830508474576
0.03954802259887006
0.04519774011299435
0.05084745762711865
0.05649717514124294
0.062146892655367235
0.06779661016949153
0.07344632768361582
0.07909604519774012
0.0847457627118644
0.0903954802259887
0.096045197740113
0.1016949152542373
0.10734463276836158
0.11299435028248588
0.11864406779661017
0.12429378531073447
0.12994350282485875
0.13559322033898305
0.14124293785310735
0.14689265536723164
0.15254237288135594
0.15819209039548024
0.1638418079096045
0.1694915254237288
0.1751412429378531
0.1807909604519774
0.1864406779661017
0.192090395480226
0.1977401129943503
0.2033898305084746
0.20903954802259886
0.21468926553672316
0.22033898305084745
0.22598870056497175
0.23163841807909605
0.23728813559322035
0.24293785310734464
0.24858757062146894
0.2542372881355932
0.2598870056497175
0.2655367231638418
0.2711864406779661
0.2768361581920904
0.2824858757062147
0.288135593220339
0.2937853107344633
0.2994350282485876
0.3050847457627119
0.3107344632768362
0.3163841807909605
0.3220338983050847
0.327683615819209
0.3333333333333333
0.3389830508474576
0.3446327683615819
0.3502824858757062
0.3559322033898305
0.3615819209039548
0.3672316384180791
0.3728813559322034
0.3785310734463277
0.384180790960452
0.3898305084745763
0.3954802259887006
0.4011299435028249
0.4067796610169492
0.4124293785310734
0.4180790960451977
0.423728813559322
0.4293785310734463
0.4350282485875706
0.4406779661016949
0.4463276836158192
0.4519774011299435
0.4576271186440678
0.4632768361581921
0.4689265536723164
0.4745762711864407
0.480225988700565
0.4858757062146893
0.4915254237288136
0.4971751412429379
0.5028248587570622
0.5084745762711864
0.5141242937853108
0.519774011299435
0.5254237288135594
0.5310734463276836
0.536723163841808
0.5423728813559322
0.5480225988700564
0.5536723163841808
0.559322033898305
0.5649717514124294
0.5706214689265536
0.576271186440678
0.5819209039548022
0.5875706214689266
0.5932203389830508
0.5988700564971752
0.6045197740112994
0.6101694915254238
0.615819209039548
0.6214689265536724
0.6271186440677966
0.632768361581921
0.6384180790960452
0.6440677966101694
0.6497175141242938
0.655367231638418
0.6610169491525424
0.6666666666666666
0.672316384180791
0.6779661016949152
0.6836158192090396
0.6892655367231638
0.6949152542372882
0.7005649717514124
0.7062146892655368
0.711864406779661
0.7175141242937854
0.7231638418079096
0.7288135593220338
0.7344632768361582
0.7401129943502824
0.7457627118644068
0.751412429378531
0.7570621468926554
0.7627118644067796
0.768361581920904
0.7740112994350282
0.7796610169491526
0.7853107344632768
0.7909604519774012
0.7966101694915254
0.8022598870056498
0.807909604519774
0.8135593220338984
0.8192090395480226
0.8248587570621468
0.8305084745762712
0.8361581920903954
0.8418079096045198
0.847457627118644
0.8531073446327684
0.8587570621468926
0.864406779661017
0.8700564971751412
0.8757062146892656
0.8813559322033898
0.8870056497175142
0.8926553672316384
0.8983050847457628
0.903954802259887
0.9096045197740112
0.9152542372881356
0.9209039548022598
0.9265536723163842
0.9322033898305084
0.9378531073446328
0.943502824858757
0.9491525423728814
0.9548022598870056
0.96045197740113
0.9661016949152542
0.9717514124293786
0.9774011299435028
0.9830508474576272
0.9887005649717514
0.9943502824858758
0.0
0.005649717514124294
0.011299435028248588
0.01694915254237288
0.022598870056497175
0.02824858757062147
0.03389830508474576
0.03954802259887006
0.04519774011299435
0.05084745762711865
0.05649717514124294
0.062146892655367235
0.06779661016949153
0.07344632768361582
0.07909604519774012
0.0847457627118644
0.0903954802259887
0.096045197740113
0.1016949152542373
0.10734463276836158
0.11299435028248588
0.11864406779661017
0.12429378531073447
0.12994350282485875
0.13559322033898305
0.14124293785310735
0.14689265536723164
0.15254237288135594
0.15819209039548024
0.1638418079096045
0.1694915254237288
0.1751412429378531
0.1807909604519774
0.1864406779661017
0.192090395480226
0.1977401129943503
0.2033898305084746
0.20903954802259886
0.21468926553672316
0.22033898305084745
0.22598870056497175
0.23163841807909605
0.23728813559322035
0.24293785310734464
0.24858757062146894
0.2542372881355932
0.2598870056497175
0.2655367231638418
0.2711864406779661
0.2768361581920904
0.2824858757062147
0.288135593220339
0.2937853107344633
0.2994350282485876
0.3050847457627119
0.3107344632768362
0.3163841807909605
0.3220338983050847
0.327683615819209
0.3333333333333333
0.3389830508474576
0.3446327683615819
0.3502824858757062
0.3559322033898305
0.3615819209039548
0.3672316384180791
0.3728813559322034
0.3785310734463277
0.384180790960452
0.3898305084745763
0.3954802259887006
0.4011299435028249
0.4067796610169492
0.4124293785310734
0.4180790960451977
0.423728813559322
0.4293785310734463
0.4350282485875706
0.4406779661016949
0.4463276836158192
0.4519774011299435
0.4576271186440678
0.4632768361581921
0.4689265536723164
0.4745762711864407
0.480225988700565
0.4858757062146893
0.4915254237288136
0.4971751412429379
0.5028248587570622
0.5084745762711864
0.5141242937853108
0.519774011299435
0.5254237288135594
0.5310734463276836
0.536723163841808
0.5423728813559322
0.5480225988700564
0.5536723163841808
0.559322033898305
0.5649717514124294
0.5706214689265536
0.576271186440678
0.5819209039548022
0.5875706214689266
0.5932203389830508
0.5988700564971752
0.6045197740112994
0.6101694915254238
0.615819209039548
0.6214689265536724
0.6271186440677966
0.632768361581921
0.6384180790960452
0.6440677966101694
0.6497175141242938
0.655367231638418
0.6610169491525424
0.6666666666666666
0.672316384180791
0.6779661016949152
0.6836158192090396
0.6892655367231638
0.6949152542372882
0.7005649717514124
0.7062146892655368
0.711864406779661
0.7175141242937854
0.7231638418079096
0.7288135593220338
0.7344632768361582
0.7401129943502824
0.7457627118644068
0.751412429378531
0.7570621468926554
0.7627118644067796
0.768361581920904
0.7740112994350282
0.7796610169491526
0.7853107344632768
0.7909604519774012
0.7966101694915254
0.8022598870056498
0.807909604519774
0.8135593220338984
0.8192090395480226
0.8248587570621468
0.8305084745762712
0.8361581920903954
0.8418079096045198
0.847457627118644
0.8531073446327684
0.8587570621468926
0.864406779661017
0.8700564971751412
0.8757062146892656
0.8813559322033898
0.8870056497175142
0.8926553672316384
0.8983050847457628
0.903954802259887
0.9096045197740112
0.9152542372881356
0.9209039548022598
0.9265536723163842
0.9322033898305084
0.9378531073446328
0.943502824858757
0.9491525423728814
0.9548022598870056
0.96045197740113
0.9661016949152542
0.9717514124293786
0.9774011299435028
0.9830508474576272
0.9887005649717514
0.9943502824858758
0.0
0.005649717514124294
0.011299435028248588
0.01694915254237288
0.022598870056497175
0.02824858757062147
0.03389830508474576
0.03954802259887006
0.04519774011299435
0.05084745762711865
0.05649717514124294
0.062146892655367235
0.06779661016949153
0.07344632768361582
0.07909604519774012
0.0847457627118644
0.0903954802259887
0.096045197740113
0.1016949152542373
0.10734463276836158
0.11299435028248588
0.11864406779661017
0.12429378531073447
0.12994350282485875
0.13559322033898305
0.14124293785310735
0.14689265536723164
0.15254237288135594
0.15819209039548024
0.1638418079096045
0.1694915254237288
0.1751412429378531
0.1807909604519774
0.1864406779661017
0.192090395480226
0.1977401129943503
0.2033898305084746
0.20903954802259886
0.21468926553672316
0.22033898305084745
0.22598870056497175
0.23163841807909605
0.23728813559322035
0.24293785310734464
0.24858757062146894
0.2542372881355932
0.2598870056497175
0.2655367231638418
0.2711864406779661
0.2768361581920904
0.2824858757062147
0.288135593220339
0.2937853107344633
0.2994350282485876
0.3050847457627119
0.3107344632768362
0.3163841807909605
0.3220338983050847
0.327683615819209
0.3333333333333333
0.3389830508474576
0.3446327683615819
0.3502824858757062
0.3559322033898305
0.3615819209039548
0.3672316384180791
0.3728813559322034
0.3785310734463277
0.384180790960452
0.3898305084745763
0.3954802259887006
0.4011299435028249
0.4067796610169492
0.4124293785310734
0.4180790960451977
0.423728813559322
0.4293785310734463
0.4350282485875706
0.4406779661016949
0.4463276836158192
0.4519774011299435
0.4576271186440678
0.4632768361581921
0.4689265536723164
0.4745762711864407
0.480225988700565
0.4858757062146893
0.4915254237288136
0.4971751412429379
0.5028248587570622
0.5084745762711864
0.5141242937853108
0.519774011299435
0.5254237288135594
0.5310734463276836
0.536723163841808
0.5423728813559322
0.5480225988700564
0.5536723163841808
0.559322033898305
0.5649717514124294
0.5706214689265536
0.576271186440678
0.5819209039548022
0.5875706214689266
0.5932203389830508
0.5988700564971752
0.6045197740112994
0.6101694915254238
0.615819209039548
0.6214689265536724
0.6271186440677966
0.632768361581921
0.6384180790960452
0.6440677966101694
0.6497175141242938
0.655367231638418
0.6610169491525424
0.6666666666666666
0.672316384180791
0.6779661016949152
0.6836158192090396
0.6892655367231638
0.6949152542372882
0.7005649717514124
0.7062146892655368
0.711864406779661
0.7175141242937854
0.7231638418079096
0.7288135593220338
0.7344632768361582
0.7401129943502824
0.7457627118644068
0.751412429378531
0.7570621468926554
0.7627118644067796
0.768361581920904
0.7740112994350282
0.7796610169491526
0.7853107344632768
0.7909604519774012
0.7966101694915254
0.8022598870056498
0.807909604519774
0.8135593220338984
0.8192090395480226
0.8248587570621468
0.8305084745762712
0.8361581920903954
0.8418079096045198
0.847457627118644
0.8531073446327684
0.8587570621468926
0.864406779661017
0.8700564971751412
0.8757062146892656
0.8813559322033898
0.8870056497175142
0.8926553672316384
0.8983050847457628
0.903954802259887
0.9096045197740112
0.9152542372881356
0.9209039548022598
0.9265536723163842
0.9322033898305084
0.9378531073446328
0.943502824858757
0.9491525423728814
0.9548022598870056
0.96045197740113
0.9661016949152542
0.9717514124293786
0.9774011299435028
0.9830508474576272
0.9887005649717514
0.9943502824858758
0.0
0.005649717514124294
0.011299435028248588
0.01694915254237288
0.022598870056497175
0.02824858757062147
0.03389830508474576
0.03954802259887006
0.04519774011299435
0.05084745762711865
0.05649717514124294
0.062146892655367235
0.06779661016949153
0.07344632768361582
0.07909604519774012
0.0847457627118644
0.0903954802259887
0.096045197740113
0.1016949152542373
0.10734463276836158
0.11299435028248588
0.11864406779661017
0.12429378531073447
0.12994350282485875
0.13559322033898305
0.14124293785310735
0.14689265536723164
0.15254237288135594
0.15819209039548024
0.1638418079096045
0.1694915254237288
0.1751412429378531
0.1807909604519774
0.1864406779661017
0.192090395480226
0.1977401129943503
0.2033898305084746
0.20903954802259886
0.21468926553672316
0.22033898305084745
0.22598870056497175
0.23163841807909605
0.23728813559322035
0.24293785310734464
0.24858757062146894
0.2542372881355932
0.2598870056497175
0.2655367231638418
0.2711864406779661
0.2768361581920904
0.2824858757062147
0.288135593220339
0.2937853107344633
0.2994350282485876
0.3050847457627119
0.3107344632768362
0.3163841807909605
0.3220338983050847
0.327683615819209
0.3333333333333333
0.3389830508474576
0.3446327683615819
0.3502824858757062
0.3559322033898305
0.3615819209039548
0.3672316384180791
0.3728813559322034
0.3785310734463277
0.384180790960452
0.3898305084745763
0.3954802259887006
0.4011299435028249
0.4067796610169492
0.4124293785310734
0.4180790960451977
0.423728813559322
0.4293785310734463
0.4350282485875706
0.4406779661016949
0.4463276836158192
0.4519774011299435
0.4576271186440678
0.4632768361581921
0.4689265536723164
0.4745762711864407
0.480225988700565
0.4858757062146893
0.4915254237288136
0.4971751412429379
0.5028248587570622
0.5084745762711864
0.5141242937853108
0.519774011299435
0.5254237288135594
0.5310734463276836
0.536723163841808
0.5423728813559322
0.5480225988700564
0.5536723163841808
0.559322033898305
0.5649717514124294
0.5706214689265536
0.576271186440678
0.5819209039548022
0.5875706214689266
0.5932203389830508
0.5988700564971752
0.6045197740112994
0.6101694915254238
0.615819209039548
0.6214689265536724
0.6271186440677966
0.632768361581921
0.6384180790960452
0.6440677966101694
0.6497175141242938
0.655367231638418
0.6610169491525424
0.6666666666666666
0.672316384180791
0.6779661016949152
0.6836158192090396
0.6892655367231638
0.6949152542372882
0.7005649717514124
0.7062146892655368
0.711864406779661
0.7175141242937854
0.7231638418079096
0.7288135593220338
0.7344632768361582
0.7401129943502824
0.7457627118644068
0.751412429378531
0.7570621468926554
0.7627118644067796
0.768361581920904
0.7740112994350282
0.7796610169491526
0.7853107344632768
0.7909604519774012
0.7966101694915254
0.8022598870056498
0.807909604519774
0.8135593220338984
0.8192090395480226
0.8248587570621468
0.8305084745762712
0.8361581920903954
0.8418079096045198
0.847457627118644
0.8531073446327684
0.8587570621468926
0.864406779661017
0.8700564971751412
0.8757062146892656
0.8813559322033898
0.8870056497175142
0.8926553672316384
0.8983050847457628
0.903954802259887
0.9096045197740112
0.9152542372881356
0.9209039548022598
0.9265536723163842
0.9322033898305084
0.9378531073446328
0.943502824858757
0.9491525423728814
0.9548022598870056
0.96045197740113
0.9661016949152542
0.9717514124293786
0.9774011299435028
0.9830508474576272
0.9887005649717514
0.9943502824858758
0.0
0.005649717514124294
0.011299435028248588
0.01694915254237288
0.022598870056497175
0.02824858757062147
0.03389830508474576
0.03954802259887006
0.04519774011299435
0.05084745762711865
0.05649717514124294
0.062146892655367235
0.06779661016949153
0.07344632768361582
0.07909604519774012
0.0847457627118644
0.0903954802259887
0.096045197740113
0.1016949152542373
0.10734463276836158
0.11299435028248588
0.11864406779661017
0.12429378531073447
0.12994350282485875
0.13559322033898305
0.14124293785310735
0.14689265536723164
0.15254237288135594
0.15819209039548024
0.1638418079096045
0.1694915254237288
0.1751412429378531
0.1807909604519774
0.1864406779661017
0.192090395480226
0.1977401129943503
0.2033898305084746
0.20903954802259886
0.21468926553672316
0.22033898305084745
0.22598870056497175
0.23163841807909605
0.23728813559322035
0.24293785310734464
0.24858757062146894
0.2542372881355932
0.2598870056497175
0.2655367231638418
0.2711864406779661
0.2768361581920904
0.2824858757062147
0.288135593220339
0.2937853107344633
0.2994350282485876
0.3050847457627119
0.3107344632768362
0.3163841807909605
0.3220338983050847
0.327683615819209
0.3333333333333333
0.3389830508474576
0.3446327683615819
0.3502824858757062
0.3559322033898305
0.3615819209039548
0.3672316384180791
0.3728813559322034
0.3785310734463277
0.384180790960452
0.3898305084745763
0.3954802259887006
0.4011299435028249
0.4067796610169492
0.4124293785310734
0.4180790960451977
0.423728813559322
0.4293785310734463
0.4350282485875706
0.4406779661016949
0.4463276836158192
0.4519774011299435
0.4576271186440678
0.4632768361581921
0.4689265536723164
0.4745762711864407
0.480225988700565
0.4858757062146893
0.4915254237288136
0.4971751412429379
0.5028248587570622
0.5084745762711864
0.5141242937853108
0.519774011299435
0.5254237288135594
0.5310734463276836
0.536723163841808
0.5423728813559322
0.5480225988700564
0.5536723163841808
0.559322033898305
0.5649717514124294
0.5706214689265536
0.576271186440678
0.5819209039548022
0.5875706214689266
0.5932203389830508
0.5988700564971752
0.6045197740112994
0.6101694915254238
0.615819209039548
0.6214689265536724
0.6271186440677966
0.632768361581921
0.6384180790960452
0.6440677966101694
0.6497175141242938
0.655367231638418
0.6610169491525424
0.6666666666666666
0.672316384180791
0.6779661016949152
0.6836158192090396
0.6892655367231638
0.6949152542372882
0.7005649717514124
0.7062146892655368
0.711864406779661
0.7175141242937854
0.7231638418079096
0.7288135593220338
0.7344632768361582
0.7401129943502824
0.7457627118644068
0.751412429378531
0.7570621468926554
0.7627118644067796
0.768361581920904
0.7740112994350282
0.7796610169491526
0.7853107344632768
0.7909604519774012
0.7966101694915254
0.8022598870056498
0.807909604519774
0.8135593220338984
0.8192090395480226
0.8248587570621468
0.8305084745762712
0.8361581920903954
0.8418079096045198
0.847457627118644
0.8531073446327684
0.8587570621468926
0.864406779661017
0.8700564971751412
0.8757062146892656
0.8813559322033898
0.8870056497175142
0.8926553672316384
0.8983050847457628
0.903954802259887
0.9096045197740112
0.9152542372881356
0.9209039548022598
0.9265536723163842
0.9322033898305084
0.9378531073446328
0.943502824858757
0.9491525423728814
0.9548022598870056
0.96045197740113
0.9661016949152542
0.9717514124293786
0.9774011299435028
0.9830508474576272
0.9887005649717514
0.9943502824858758
0.0
0.005649717514124294
0.011299435028248588
0.01694915254237288
0.022598870056497175
0.02824858757062147
0.03389830508474576
0.03954802259887006
0.04519774011299435
0.05084745762711865
0.05649717514124294
0.062146892655367235
0.06779661016949153
0.07344632768361582
0.07909604519774012
0.0847457627118644
0.0903954802259887
0.096045197740113
0.1016949152542373
0.10734463276836158
0.11299435028248588
0.11864406779661017
0.12429378531073447
0.12994350282485875
0.13559322033898305
0.14124293785310735
0.14689265536723164
0.15254237288135594
0.15819209039548024
0.1638418079096045
0.1694915254237288
0.1751412429378531
0.1807909604519774
0.1864406779661017
0.192090395480226
0.1977401129943503
0.2033898305084746
0.20903954802259886
0.21468926553672316
0.22033898305084745
0.22598870056497175
0.23163841807909605
0.23728813559322035
0.24293785310734464
0.24858757062146894
0.2542372881355932
0.2598870056497175
0.2655367231638418
0.2711864406779661
0.2768361581920904
0.2824858757062147
0.288135593220339
0.2937853107344633
0.2994350282485876
0.3050847457627119
0.3107344632768362
0.3163841807909605
0.3220338983050847
0.327683615819209
0.3333333333333333
0.3389830508474576
0.3446327683615819
0.3502824858757062
0.3559322033898305
0.3615819209039548
0.3672316384180791
0.3728813559322034
0.3785310734463277
0.384180790960452
0.3898305084745763
0.3954802259887006
0.4011299435028249
0.4067796610169492
0.4124293785310734
0.4180790960451977
0.423728813559322
0.4293785310734463
0.4350282485875706
0.4406779661016949
0.4463276836158192
0.4519774011299435
0.4576271186440678
0.4632768361581921
0.4689265536723164
0.4745762711864407
0.480225988700565
0.4858757062146893
0.4915254237288136
0.4971751412429379
0.5028248587570622
0.5084745762711864
0.5141242937853108
0.519774011299435
0.5254237288135594
0.5310734463276836
0.536723163841808
0.5423728813559322
0.5480225988700564
0.5536723163841808
0.559322033898305
0.5649717514124294
0.5706214689265536
0.576271186440678
0.5819209039548022
0.5875706214689266
0.5932203389830508
0.5988700564971752
0.6045197740112994
0.6101694915254238
0.615819209039548
0.6214689265536724
0.6271186440677966
0.632768361581921
0.6384180790960452
0.6440677966101694
0.6497175141242938
0.655367231638418
0.6610169491525424
0.6666666666666666
0.672316384180791
0.6779661016949152
0.6836158192090396
0.6892655367231638
0.6949152542372882
0.7005649717514124
0.7062146892655368
0.711864406779661
0.7175141242937854
0.7231638418079096
0.7288135593220338
0.7344632768361582
0.7401129943502824
0.7457627118644068
0.751412429378531
0.7570621468926554
0.7627118644067796
0.768361581920904
0.7740112994350282
0.7796610169491526
0.7853107344632768
0.7909604519774012
0.7966101694915254
0.8022598870056498
0.807909604519774
0.8135593220338984
0.8192090395480226
0.8248587570621468
0.8305084745762712
0.8361581920903954
0.8418079096045198
0.847457627118644
0.8531073446327684
0.8587570621468926
0.864406779661017
0.8700564971751412
0.8757062146892656
0.8813559322033898
0.8870056497175142
0.8926553672316384
0.8983050847457628
0.903954802259887
0.9096045197740112
0.9152542372881356
0.9209039548022598
0.9265536723163842
0.9322033898305084
0.9378531073446328
0.943502824858757
0.9491525423728814
0.9548022598870056
0.96045197740113
0.9661016949152542
0.9717514124293786
0.9774011299435028
0.9830508474576272
0.9887005649717514
0.9943502824858758
0.0
0.005649717514124294
0.011299435028248588
0.01694915254237288
0.022598870056497175
0.02824858757062147
0.03389830508474576
0.03954802259887006
0.04519774011299435
0.05084745762711865
0.05649717514124294
0.062146892655367235
0.06779661016949153
0.07344632768361582
0.07909604519774012
0.0847457627118644
0.0903954802259887
0.096045197740113
0.1016949152542373
0.10734463276836158
0.11299435028248588
0.11864406779661017
0.12429378531073447
0.12994350282485875
0.13559322033898305
0.14124293785310735
0.14689265536723164
0.15254237288135594
0.15819209039548024
0.1638418079096045
0.1694915254237288
0.1751412429378531
0.1807909604519774
0.1864406779661017
0.192090395480226
0.1977401129943503
0.2033898305084746
0.20903954802259886
0.21468926553672316
0.22033898305084745
0.22598870056497175
0.23163841807909605
0.23728813559322035
0.24293785310734464
0.24858757062146894
0.2542372881355932
0.2598870056497175
0.2655367231638418
0.2711864406779661
0.2768361581920904
0.2824858757062147
0.288135593220339
0.2937853107344633
0.2994350282485876
0.3050847457627119
0.3107344632768362
0.3163841807909605
0.3220338983050847
0.327683615819209
0.3333333333333333
0.3389830508474576
0.3446327683615819
0.3502824858757062
0.3559322033898305
0.3615819209039548
0.3672316384180791
0.3728813559322034
0.3785310734463277
0.384180790960452
0.3898305084745763
0.3954802259887006
0.4011299435028249
0.4067796610169492
0.4124293785310734
0.4180790960451977
0.423728813559322
0.4293785310734463
0.4350282485875706
0.4406779661016949
0.4463276836158192
0.4519774011299435
0.4576271186440678
0.4632768361581921
0.4689265536723164
0.4745762711864407
0.480225988700565
0.4858757062146893
0.4915254237288136
0.4971751412429379
0.5028248587570622
0.5084745762711864
0.5141242937853108
0.519774011299435
0.5254237288135594
0.5310734463276836
0.536723163841808
0.5423728813559322
0.5480225988700564
0.5536723163841808
0.559322033898305
0.5649717514124294
0.5706214689265536
0.576271186440678
0.5819209039548022
0.5875706214689266
0.5932203389830508
0.5988700564971752
0.6045197740112994
0.6101694915254238
0.615819209039548
0.6214689265536724
0.6271186440677966
0.632768361581921
0.6384180790960452
0.6440677966101694
0.6497175141242938
0.655367231638418
0.6610169491525424
0.6666666666666666
0.672316384180791
0.6779661016949152
0.6836158192090396
0.6892655367231638
0.6949152542372882
0.7005649717514124
0.7062146892655368
0.711864406779661
0.7175141242937854
0.7231638418079096
0.7288135593220338
0.7344632768361582
0.7401129943502824
0.7457627118644068
0.751412429378531
0.7570621468926554
0.7627118644067796
0.768361581920904
0.7740112994350282
0.7796610169491526
0.7853107344632768
0.7909604519774012
0.7966101694915254
0.8022598870056498
0.807909604519774
0.8135593220338984
0.8192090395480226
0.8248587570621468
0.8305084745762712
0.8361581920903954
0.8418079096045198
0.847457627118644
0.8531073446327684
0.8587570621468926
0.864406779661017
0.8700564971751412
0.8757062146892656
0.8813559322033898
0.8870056497175142
0.8926553672316384
0.8983050847457628
0.903954802259887
0.9096045197740112
0.9152542372881356
0.9209039548022598
0.9265536723163842
0.9322033898305084
0.9378531073446328
0.943502824858757
0.9491525423728814
0.9548022598870056
0.96045197740113
0.9661016949152542
0.9717514124293786
0.9774011299435028
0.9830508474576272
0.9887005649717514
0.9943502824858758
0.0
0.005649717514124294
0.011299435028248588
0.01694915254237288
0.022598870056497175
0.02824858757062147
0.03389830508474576
0.03954802259887006
0.04519774011299435
0.05084745762711865
0.05649717514124294
0.062146892655367235
0.06779661016949153
0.07344632768361582
0.07909604519774012
0.0847457627118644
0.0903954802259887
0.096045197740113
0.1016949152542373
0.10734463276836158
0.11299435028248588
0.11864406779661017
0.12429378531073447
0.12994350282485875
0.13559322033898305
0.14124293785310735
0.14689265536723164
0.15254237288135594
0.15819209039548024
0.1638418079096045
0.1694915254237288
0.1751412429378531
0.1807909604519774
0.1864406779661017
0.192090395480226
0.1977401129943503
0.2033898305084746
0.20903954802259886
0.21468926553672316
0.22033898305084745
0.22598870056497175
0.23163841807909605
0.23728813559322035
0.24293785310734464
0.24858757062146894
0.2542372881355932
0.2598870056497175
0.2655367231638418
0.2711864406779661
0.2768361581920904
0.2824858757062147
0.288135593220339
0.2937853107344633
0.2994350282485876
0.3050847457627119
0.3107344632768362
0.3163841807909605
0.3220338983050847
0.327683615819209
0.3333333333333333
0.3389830508474576
0.3446327683615819
0.3502824858757062
0.3559322033898305
0.3615819209039548
0.3672316384180791
0.3728813559322034
0.3785310734463277
0.384180790960452
0.3898305084745763
0.3954802259887006
0.4011299435028249
0.4067796610169492
0.4124293785310734
0.4180790960451977
0.423728813559322
0.4293785310734463
0.4350282485875706
0.4406779661016949
0.4463276836158192
0.4519774011299435
0.4576271186440678
0.4632768361581921
0.4689265536723164
0.4745762711864407
0.480225988700565
0.4858757062146893
0.4915254237288136
0.4971751412429379
0.5028248587570622
0.5084745762711864
0.5141242937853108
0.519774011299435
0.5254237288135594
0.5310734463276836
0.536723163841808
0.5423728813559322
0.5480225988700564
0.5536723163841808
0.559322033898305
0.5649717514124294
0.5706214689265536
0.576271186440678
0.5819209039548022
0.5875706214689266
0.5932203389830508
0.5988700564971752
0.6045197740112994
0.6101694915254238
0.615819209039548
0.6214689265536724
0.6271186440677966
0.632768361581921
0.6384180790960452
0.6440677966101694
0.6497175141242938
0.655367231638418
0.6610169491525424
0.6666666666666666
0.672316384180791
0.6779661016949152
0.6836158192090396
0.6892655367231638
0.6949152542372882
0.7005649717514124
0.7062146892655368
0.711864406779661
0.7175141242937854
0.7231638418079096
0.7288135593220338
0.7344632768361582
0.7401129943502824
0.7457627118644068
0.751412429378531
0.7570621468926554
0.7627118644067796
0.768361581920904
0.7740112994350282
0.7796610169491526
0.7853107344632768
0.7909604519774012
0.7966101694915254
0.8022598870056498
0.807909604519774
0.8135593220338984
0.8192090395480226
0.8248587570621468
0.8305084745762712
0.8361581920903954
0.8418079096045198
0.847457627118644
0.8531073446327684
0.8587570621468926
0.864406779661017
0.8700564971751412
0.8757062146892656
0.8813559322033898
0.8870056497175142
0.8926553672316384
0.8983050847457628
0.903954802259887
0.9096045197740112
0.9152542372881356
0.9209039548022598
0.9265536723163842
0.9322033898305084
0.9378531073446328
0.943502824858757
0.9491525423728814
0.9548022598870056
0.96045197740113
0.9661016949152542
0.9717514124293786
0.9774011299435028
0.9830508474576272
0.9887005649717514
0.9943502824858758
0.0
0.005649717514124294
0.011299435028248588
0.01694915254237288
0.022598870056497175
0.02824858757062147
0.03389830508474576
0.03954802259887006
0.04519774011299435
0.05084745762711865
0.05649717514124294
0.062146892655367235
0.06779661016949153
0.07344632768361582
0.07909604519774012
0.0847457627118644
0.0903954802259887
0.096045197740113
0.1016949152542373
0.10734463276836158
0.11299435028248588
0.11864406779661017
0.12429378531073447
0.12994350282485875
0.13559322033898305
0.14124293785310735
0.14689265536723164
0.15254237288135594
0.15819209039548024
0.1638418079096045
0.1694915254237288
0.1751412429378531
0.1807909604519774
0.1864406779661017
0.192090395480226
0.1977401129943503
0.2033898305084746
0.20903954802259886
0.21468926553672316
0.22033898305084745
0.22598870056497175
0.23163841807909605
0.23728813559322035
0.24293785310734464
0.24858757062146894
0.2542372881355932
0.2598870056497175
0.2655367231638418
0.2711864406779661
0.2768361581920904
0.2824858757062147
0.288135593220339
0.2937853107344633
0.2994350282485876
0.3050847457627119
0.3107344632768362
0.3163841807909605
0.3220338983050847
0.327683615819209
0.3333333333333333
0.3389830508474576
0.3446327683615819
0.3502824858757062
0.3559322033898305
0.3615819209039548
0.3672316384180791
0.3728813559322034
0.3785310734463277
0.384180790960452
0.3898305084745763
0.3954802259887006
0.4011299435028249
0.4067796610169492
0.4124293785310734
0.4180790960451977
0.423728813559322
0.4293785310734463
0.4350282485875706
0.4406779661016949
0.4463276836158192
0.4519774011299435
0.4576271186440678
0.4632768361581921
0.4689265536723164
0.4745762711864407
0.480225988700565
0.4858757062146893
0.4915254237288136
0.4971751412429379
0.5028248587570622
0.5084745762711864
0.5141242937853108
0.519774011299435
0.5254237288135594
0.5310734463276836
0.536723163841808
0.5423728813559322
0.5480225988700564
0.5536723163841808
0.559322033898305
0.5649717514124294
0.5706214689265536
0.576271186440678
0.5819209039548022
0.5875706214689266
0.5932203389830508
0.5988700564971752
0.6045197740112994
0.6101694915254238
0.615819209039548
0.6214689265536724
0.6271186440677966
0.632768361581921
0.6384180790960452
0.6440677966101694
0.6497175141242938
0.655367231638418
0.6610169491525424
0.6666666666666666
0.672316384180791
0.6779661016949152
0.6836158192090396
0.6892655367231638
0.6949152542372882
0.7005649717514124
0.7062146892655368
0.711864406779661
0.7175141242937854
0.7231638418079096
0.7288135593220338
0.7344632768361582
0.7401129943502824
0.7457627118644068
0.751412429378531
0.7570621468926554
0.7627118644067796
0.768361581920904
0.7740112994350282
0.7796610169491526
0.7853107344632768
0.7909604519774012
0.7966101694915254
0.8022598870056498
0.807909604519774
0.8135593220338984
0.8192090395480226
0.8248587570621468
0.8305084745762712
0.8361581920903954
0.8418079096045198
0.847457627118644
0.8531073446327684
0.8587570621468926
0.864406779661017
0.8700564971751412
0.8757062146892656
0.8813559322033898
0.8870056497175142
0.8926553672316384
0.8983050847457628
0.903954802259887
0.9096045197740112
0.9152542372881356
0.9209039548022598
0.9265536723163842
0.9322033898305084
0.9378531073446328
0.943502824858757
0.9491525423728814
0.9548022598870056
0.96045197740113
0.9661016949152542
0.9717514124293786
0.9774011299435028
0.9830508474576272
0.9887005649717514
0.9943502824858758
0.0
0.005649717514124294
0.011299435028248588
0.01694915254237288
0.022598870056497175
0.02824858757062147
0.03389830508474576
0.03954802259887006
0.04519774011299435
0.05084745762711865
0.05649717514124294
0.062146892655367235
0.06779661016949153
0.07344632768361582
0.07909604519774012
0.0847457627118644
0.0903954802259887
0.096045197740113
0.1016949152542373
0.10734463276836158
0.11299435028248588
0.11864406779661017
0.12429378531073447
0.12994350282485875
0.13559322033898305
0.14124293785310735
0.14689265536723164
0.15254237288135594
0.15819209039548024
0.1638418079096045
0.1694915254237288
0.1751412429378531
0.1807909604519774
0.1864406779661017
0.192090395480226
0.1977401129943503
0.2033898305084746
0.20903954802259886
0.21468926553672316
0.22033898305084745
0.22598870056497175
0.23163841807909605
0.23728813559322035
0.24293785310734464
0.24858757062146894
0.2542372881355932
0.2598870056497175
0.2655367231638418
0.2711864406779661
0.2768361581920904
0.2824858757062147
0.288135593220339
0.2937853107344633
0.2994350282485876
0.3050847457627119
0.3107344632768362
0.3163841807909605
0.3220338983050847
0.327683615819209
0.3333333333333333
0.3389830508474576
0.3446327683615819
0.3502824858757062
0.3559322033898305
0.3615819209039548
0.3672316384180791
0.3728813559322034
0.3785310734463277
0.384180790960452
0.3898305084745763
0.3954802259887006
0.4011299435028249
0.4067796610169492
0.4124293785310734
0.4180790960451977
0.423728813559322
0.4293785310734463
0.4350282485875706
0.4406779661016949
0.4463276836158192
0.4519774011299435
0.4576271186440678
0.4632768361581921
0.4689265536723164
0.4745762711864407
0.480225988700565
0.4858757062146893
0.4915254237288136
0.4971751412429379
0.5028248587570622
0.5084745762711864
0.5141242937853108
0.519774011299435
0.5254237288135594
0.5310734463276836
0.536723163841808
0.5423728813559322
0.5480225988700564
0.5536723163841808
0.559322033898305
0.5649717514124294
0.5706214689265536
0.576271186440678
0.5819209039548022
0.5875706214689266
0.5932203389830508
0.5988700564971752
0.6045197740112994
0.6101694915254238
0.615819209039548
0.6214689265536724
0.6271186440677966
0.632768361581921
0.6384180790960452
0.6440677966101694
0.6497175141242938
0.655367231638418
0.6610169491525424
0.6666666666666666
0.672316384180791
0.6779661016949152
0.6836158192090396
0.6892655367231638
0.6949152542372882
0.7005649717514124
0.7062146892655368
0.711864406779661
0.7175141242937854
0.7231638418079096
0.7288135593220338
0.7344632768361582
0.7401129943502824
0.7457627118644068
0.751412429378531
0.7570621468926554
0.7627118644067796
0.768361581920904
0.7740112994350282
0.7796610169491526
0.7853107344632768
0.7909604519774012
0.7966101694915254
0.8022598870056498
0.807909604519774
0.8135593220338984
0.8192090395480226
0.8248587570621468
0.8305084745762712
0.8361581920903954
0.8418079096045198
0.847457627118644
0.8531073446327684
0.8587570621468926
0.864406779661017
0.8700564971751412
0.8757062146892656
0.8813559322033898
0.8870056497175142
0.8926553672316384
0.8983050847457628
0.903954802259887
0.9096045197740112
0.9152542372881356
0.9209039548022598
0.9265536723163842
0.9322033898305084
0.9378531073446328
0.943502824858757
0.9491525423728814
0.9548022598870056
0.96045197740113
0.9661016949152542
0.9717514124293786
0.9774011299435028
0.9830508474576272
0.9887005649717514
0.9943502824858758
0.0
0.005649717514124294
0.011299435028248588
0.01694915254237288
0.022598870056497175
0.02824858757062147
0.03389830508474576
0.03954802259887006
0.04519774011299435
0.05084745762711865
0.05649717514124294
0.062146892655367235
0.06779661016949153
0.07344632768361582
0.07909604519774012
0.0847457627118644
0.0903954802259887
0.096045197740113
0.1016949152542373
0.10734463276836158
0.11299435028248588
0.11864406779661017
0.12429378531073447
0.12994350282485875
0.13559322033898305
0.14124293785310735
0.14689265536723164
0.15254237288135594
0.15819209039548024
0.1638418079096045
0.1694915254237288
0.1751412429378531
0.1807909604519774
0.1864406779661017
0.192090395480226
0.1977401129943503
0.2033898305084746
0.20903954802259886
0.21468926553672316
0.22033898305084745
0.22598870056497175
0.23163841807909605
0.23728813559322035
0.24293785310734464
0.24858757062146894
0.2542372881355932
0.2598870056497175
0.2655367231638418
0.2711864406779661
0.2768361581920904
0.2824858757062147
0.288135593220339
0.2937853107344633
0.2994350282485876
0.3050847457627119
0.3107344632768362
0.3163841807909605
0.3220338983050847
0.327683615819209
0.3333333333333333
0.3389830508474576
0.3446327683615819
0.3502824858757062
0.3559322033898305
0.3615819209039548
0.3672316384180791
0.3728813559322034
0.3785310734463277
0.384180790960452
0.3898305084745763
0.3954802259887006
0.4011299435028249
0.4067796610169492
0.4124293785310734
0.4180790960451977
0.423728813559322
0.4293785310734463
0.4350282485875706
0.4406779661016949
0.4463276836158192
0.4519774011299435
0.4576271186440678
0.4632768361581921
0.4689265536723164
0.4745762711864407
0.480225988700565
0.4858757062146893
0.4915254237288136
0.4971751412429379
0.5028248587570622
0.5084745762711864
0.5141242937853108
0.519774011299435
0.5254237288135594
0.5310734463276836
0.536723163841808
0.5423728813559322
0.5480225988700564
0.5536723163841808
0.559322033898305
0.5649717514124294
0.5706214689265536
0.576271186440678
0.5819209039548022
0.5875706214689266
0.5932203389830508
0.5988700564971752
0.6045197740112994
0.6101694915254238
0.615819209039548
0.6214689265536724
0.6271186440677966
0.632768361581921
0.6384180790960452
0.6440677966101694
0.6497175141242938
0.655367231638418
0.6610169491525424
0.6666666666666666
0.672316384180791
0.6779661016949152
0.6836158192090396
0.6892655367231638
0.6949152542372882
0.7005649717514124
0.7062146892655368
0.711864406779661
0.7175141242937854
0.7231638418079096
0.7288135593220338
0.7344632768361582
0.7401129943502824
0.7457627118644068
0.751412429378531
0.7570621468926554
0.7627118644067796
0.768361581920904
0.7740112994350282
0.7796610169491526
0.7853107344632768
0.7909604519774012
0.7966101694915254
0.8022598870056498
0.807909604519774
0.8135593220338984
0.8192090395480226
0.8248587570621468
0.8305084745762712
0.8361581920903954
0.8418079096045198
0.847457627118644
0.8531073446327684
0.8587570621468926
0.864406779661017
0.8700564971751412
0.8757062146892656
0.8813559322033898
0.8870056497175142
0.8926553672316384
0.8983050847457628
0.903954802259887
0.9096045197740112
0.9152542372881356
0.9209039548022598
0.9265536723163842
0.9322033898305084
0.9378531073446328
0.943502824858757
0.9491525423728814
0.9548022598870056
0.96045197740113
0.9661016949152542
0.9717514124293786
0.9774011299435028
0.9830508474576272
0.9887005649717514
0.9943502824858758
0.0
0.005649717514124294
0.011299435028248588
0.01694915254237288
0.022598870056497175
0.02824858757062147
0.03389830508474576
0.03954802259887006
0.04519774011299435
0.05084745762711865
0.05649717514124294
0.062146892655367235
0.06779661016949153
0.07344632768361582
0.07909604519774012
0.0847457627118644
0.0903954802259887
0.096045197740113
0.1016949152542373
0.10734463276836158
0.11299435028248588
0.11864406779661017
0.12429378531073447
0.12994350282485875
0.13559322033898305
0.14124293785310735
0.14689265536723164
0.15254237288135594
0.15819209039548024
0.1638418079096045
0.1694915254237288
0.1751412429378531
0.1807909604519774
0.1864406779661017
0.192090395480226
0.1977401129943503
0.2033898305084746
0.20903954802259886
0.21468926553672316
0.22033898305084745
0.22598870056497175
0.23163841807909605
0.23728813559322035
0.24293785310734464
0.24858757062146894
0.2542372881355932
0.2598870056497175
0.2655367231638418
0.2711864406779661
0.2768361581920904
0.2824858757062147
0.288135593220339
0.2937853107344633
0.2994350282485876
0.3050847457627119
0.3107344632768362
0.3163841807909605
0.3220338983050847
0.327683615819209
0.3333333333333333
0.3389830508474576
0.3446327683615819
0.3502824858757062
0.3559322033898305
0.3615819209039548
0.3672316384180791
0.3728813559322034
0.3785310734463277
0.384180790960452
0.3898305084745763
0.3954802259887006
0.4011299435028249
0.4067796610169492
0.4124293785310734
0.4180790960451977
0.423728813559322
0.4293785310734463
0.4350282485875706
0.4406779661016949
0.4463276836158192
0.4519774011299435
0.4576271186440678
0.4632768361581921
0.4689265536723164
0.4745762711864407
0.480225988700565
0.4858757062146893
0.4915254237288136
0.4971751412429379
0.5028248587570622
0.5084745762711864
0.5141242937853108
0.519774011299435
0.5254237288135594
0.5310734463276836
0.536723163841808
0.5423728813559322
0.5480225988700564
0.5536723163841808
0.559322033898305
0.5649717514124294
0.5706214689265536
0.576271186440678
0.5819209039548022
0.5875706214689266
0.5932203389830508
0.5988700564971752
0.6045197740112994
0.6101694915254238
0.615819209039548
0.6214689265536724
0.6271186440677966
0.632768361581921
0.6384180790960452
0.6440677966101694
0.6497175141242938
0.655367231638418
0.6610169491525424
0.6666666666666666
0.672316384180791
0.6779661016949152
0.6836158192090396
0.6892655367231638
0.6949152542372882
0.7005649717514124
0.7062146892655368
0.711864406779661
0.7175141242937854
0.7231638418079096
0.7288135593220338
0.7344632768361582
0.7401129943502824
0.7457627118644068
0.751412429378531
0.7570621468926554
0.7627118644067796
0.768361581920904
0.7740112994350282
0.7796610169491526
0.7853107344632768
0.7909604519774012
0.7966101694915254
0.8022598870056498
0.807909604519774
0.8135593220338984
0.8192090395480226
0.8248587570621468
0.8305084745762712
0.8361581920903954
0.8418079096045198
0.847457627118644
0.8531073446327684
0.8587570621468926
0.864406779661017
0.8700564971751412
0.8757062146892656
0.8813559322033898
0.8870056497175142
0.8926553672316384
0.8983050847457628
0.903954802259887
0.9096045197740112
0.9152542372881356
0.9209039548022598
0.9265536723163842
0.9322033898305084
0.9378531073446328
0.943502824858757
0.9491525423728814
0.9548022598870056
0.96045197740113
0.9661016949152542
0.9717514124293786
0.9774011299435028
0.9830508474576272
0.9887005649717514
0.9943502824858758
0.0
0.005649717514124294
0.011299435028248588
0.01694915254237288
0.022598870056497175
0.02824858757062147
0.03389830508474576
0.03954802259887006
0.04519774011299435
0.05084745762711865
0.05649717514124294
0.062146892655367235
0.06779661016949153
0.07344632768361582
0.07909604519774012
0.0847457627118644
0.0903954802259887
0.096045197740113
0.1016949152542373
0.10734463276836158
0.11299435028248588
0.11864406779661017
0.12429378531073447
0.12994350282485875
0.13559322033898305
0.14124293785310735
0.14689265536723164
0.15254237288135594
0.15819209039548024
0.1638418079096045
0.1694915254237288
0.1751412429378531
0.1807909604519774
0.1864406779661017
0.192090395480226
0.1977401129943503
0.2033898305084746
0.20903954802259886
0.21468926553672316
0.22033898305084745
0.22598870056497175
0.23163841807909605
0.23728813559322035
0.24293785310734464
0.24858757062146894
0.2542372881355932
0.2598870056497175
0.2655367231638418
0.2711864406779661
0.2768361581920904
0.2824858757062147
0.288135593220339
0.2937853107344633
0.2994350282485876
0.3050847457627119
0.3107344632768362
0.3163841807909605
0.3220338983050847
0.327683615819209
0.3333333333333333
0.3389830508474576
0.3446327683615819
0.3502824858757062
0.3559322033898305
0.3615819209039548
0.3672316384180791
0.3728813559322034
0.3785310734463277
0.384180790960452
0.3898305084745763
0.3954802259887006
0.4011299435028249
0.4067796610169492
0.4124293785310734
0.4180790960451977
0.423728813559322
0.4293785310734463
0.4350282485875706
0.4406779661016949
0.4463276836158192
0.4519774011299435
0.4576271186440678
0.4632768361581921
0.4689265536723164
0.4745762711864407
0.480225988700565
0.4858757062146893
0.4915254237288136
0.4971751412429379
0.5028248587570622
0.5084745762711864
0.5141242937853108
0.519774011299435
0.5254237288135594
0.5310734463276836
0.536723163841808
0.5423728813559322
0.5480225988700564
0.5536723163841808
0.559322033898305
0.5649717514124294
0.5706214689265536
0.576271186440678
0.5819209039548022
0.5875706214689266
0.5932203389830508
0.5988700564971752
0.6045197740112994
0.6101694915254238
0.615819209039548
0.6214689265536724
0.6271186440677966
0.632768361581921
0.6384180790960452
0.6440677966101694
0.6497175141242938
0.655367231638418
0.6610169491525424
0.6666666666666666
0.672316384180791
0.6779661016949152
0.6836158192090396
0.6892655367231638
0.6949152542372882
0.7005649717514124
0.7062146892655368
0.711864406779661
0.7175141242937854
0.7231638418079096
0.7288135593220338
0.7344632768361582
0.7401129943502824
0.7457627118644068
0.751412429378531
0.7570621468926554
0.7627118644067796
0.768361581920904
0.7740112994350282
0.7796610169491526
0.7853107344632768
0.7909604519774012
0.7966101694915254
0.8022598870056498
0.807909604519774
0.8135593220338984
0.8192090395480226
0.8248587570621468
0.8305084745762712
0.8361581920903954
0.8418079096045198
0.847457627118644
0.8531073446327684
0.8587570621468926
0.864406779661017
0.8700564971751412
0.8757062146892656
0.8813559322033898
0.8870056497175142
0.8926553672316384
0.8983050847457628
0.903954802259887
0.9096045197740112
0.9152542372881356
0.9209039548022598
0.9265536723163842
0.9322033898305084
0.9378531073446328
0.943502824858757
0.9491525423728814
0.9548022598870056
0.96045197740113
0.9661016949152542
0.9717514124293786
0.9774011299435028
0.9830508474576272
0.9887005649717514
0.9943502824858758
0.0
0.00851063829787234
0.01702127659574468
0.02553191489361702
0.03404255319148936
0.0425531914893617
0.05106382978723404
0.059574468085106386
0.06808510638297872
0.07659574468085106
0.0851063829787234
0.09361702127659574
0.10212765957446808
0.11063829787234042
0.11914893617021277
0.1276595744680851
0.13617021276595745
0.14468085106382977
0.15319148936170213
0.16170212765957448
0.1702127659574468
0.17872340425531916
0.18723404255319148
0.19574468085106383
0.20425531914893616
0.2127659574468085
0.22127659574468084
0.2297872340425532
0.23829787234042554
0.24680851063829787
0.2553191489361702
0.26382978723404255
0.2723404255319149
0.28085106382978725
0.28936170212765955
0.2978723404255319
0.30638297872340425
0.3148936170212766
0.32340425531914896
0.33191489361702126
0.3404255319148936
0.34893617021276596
0.3574468085106383
0.3659574468085106
0.37446808510638296
0.3829787234042553
0.39148936170212767
0.4
0.4085106382978723
0.41702127659574467
0.425531914893617
0.4340425531914894
0.4425531914893617
0.451063829787234
0.4595744680851064
0.46808510638297873
0.4765957446808511
0.4851063829787234
0.49361702127659574
0.502127659574468
0.5106382978723404
0.5191489361702127
0.5276595744680851
0.5361702127659574
0.5446808510638298
0.5531914893617021
0.5617021276595745
0.5702127659574469
0.5787234042553191
0.5872340425531914
0.5957446808510638
0.6042553191489362
0.6127659574468085
0.6212765957446809
0.6297872340425532
0.6382978723404256
0.6468085106382979
0.6553191489361702
0.6638297872340425
0.6723404255319149
0.6808510638297872
0.6893617021276596
0.6978723404255319
0.7063829787234043
0.7148936170212766
0.723404255319149
0.7319148936170212
0.7404255319148936
0.7489361702127659
0.7574468085106383
0.7659574468085106
0.774468085106383
0.7829787234042553
0.7914893617021277
0.8
0.8085106382978723
0.8170212765957446
0.825531914893617
0.8340425531914893
0.8425531914893617
0.851063829787234
0.8595744680851064
0.8680851063829788
0.8765957446808511
0.8851063829787233
0.8936170212765957
0.902127659574468
0.9106382978723404
0.9191489361702128
0.9276595744680851
0.9361702127659575
0.9446808510638298
0.9531914893617022
0.9617021276595744
0.9702127659574468
0.9787234042553191
0.9872340425531915
0.9957446808510638
0.0
0.00851063829787234
0.01702127659574468
0.02553191489361702
0.03404255319148936
0.0425531914893617
0.05106382978723404
0.059574468085106386
0.06808510638297872
0.07659574468085106
0.0851063829787234
0.09361702127659574
0.10212765957446808
0.11063829787234042
0.11914893617021277
0.1276595744680851
0.13617021276595745
0.14468085106382977
0.15319148936170213
0.16170212765957448
0.1702127659574468
0.17872340425531916
0.18723404255319148
0.19574468085106383
0.20425531914893616
0.2127659574468085
0.22127659574468084
0.2297872340425532
0.23829787234042554
0.24680851063829787
0.2553191489361702
0.26382978723404255
0.2723404255319149
0.28085106382978725
0.28936170212765955
0.2978723404255319
0.30638297872340425
0.3148936170212766
0.32340425531914896
0.33191489361702126
0.3404255319148936
0.34893617021276596
0.3574468085106383
0.3659574468085106
0.37446808510638296
0.3829787234042553
0.39148936170212767
0.4
0.4085106382978723
0.41702127659574467
0.425531914893617
0.4340425531914894
0.4425531914893617
0.451063829787234
0.4595744680851064
0.46808510638297873
0.4765957446808511
0.4851063829787234
0.49361702127659574
0.502127659574468
0.5106382978723404
0.5191489361702127
0.5276595744680851
0.5361702127659574
0.5446808510638298
0.5531914893617021
0.5617021276595745
0.5702127659574469
0.5787234042553191
0.5872340425531914
0.5957446808510638
0.6042553191489362
0.6127659574468085
0.6212765957446809
0.6297872340425532
0.6382978723404256
0.6468085106382979
0.6553191489361702
0.6638297872340425
0.6723404255319149
0.6808510638297872
0.6893617021276596
0.6978723404255319
0.7063829787234043
0.7148936170212766
0.723404255319149
0.7319148936170212
0.7404255319148936
0.7489361702127659
0.7574468085106383
0.7659574468085106
0.774468085106383
0.7829787234042553
0.7914893617021277
0.8
0.8085106382978723
0.8170212765957446
0.825531914893617
0.8340425531914893
0.8425531914893617
0.851063829787234
0.8595744680851064
0.8680851063829788
0.8765957446808511
0.8851063829787233
0.8936170212765957
0.902127659574468
0.9106382978723404
0.9191489361702128
0.9276595744680851
0.9361702127659575
0.9446808510638298
0.9531914893617022
0.9617021276595744
0.9702127659574468
0.9787234042553191
0.9872340425531915
0.9957446808510638
0.0
0.00851063829787234
0.01702127659574468
0.02553191489361702
0.03404255319148936
0.0425531914893617
0.05106382978723404
0.059574468085106386
0.06808510638297872
0.07659574468085106
0.0851063829787234
0.09361702127659574
0.10212765957446808
0.11063829787234042
0.11914893617021277
0.1276595744680851
0.13617021276595745
0.14468085106382977
0.15319148936170213
0.16170212765957448
0.1702127659574468
0.17872340425531916
0.18723404255319148
0.19574468085106383
0.20425531914893616
0.2127659574468085
0.22127659574468084
0.2297872340425532
0.23829787234042554
0.24680851063829787
0.2553191489361702
0.26382978723404255
0.2723404255319149
0.28085106382978725
0.28936170212765955
0.2978723404255319
0.30638297872340425
0.3148936170212766
0.32340425531914896
0.33191489361702126
0.3404255319148936
0.34893617021276596
0.3574468085106383
0.3659574468085106
0.37446808510638296
0.3829787234042553
0.39148936170212767
0.4
0.4085106382978723
0.41702127659574467
0.425531914893617
0.4340425531914894
0.4425531914893617
0.451063829787234
0.4595744680851064
0.46808510638297873
0.4765957446808511
0.4851063829787234
0.49361702127659574
0.502127659574468
0.5106382978723404
0.5191489361702127
0.5276595744680851
0.5361702127659574
0.5446808510638298
0.5531914893617021
0.5617021276595745
0.5702127659574469
0.5787234042553191
0.5872340425531914
0.5957446808510638
0.6042553191489362
0.6127659574468085
0.6212765957446809
0.6297872340425532
0.6382978723404256
0.6468085106382979
0.6553191489361702
0.6638297872340425
0.6723404255319149
0.6808510638297872
0.6893617021276596
0.6978723404255319
0.7063829787234043
0.7148936170212766
0.723404255319149
0.7319148936170212
0.7404255319148936
0.7489361702127659
0.7574468085106383
0.7659574468085106
0.774468085106383
0.7829787234042553
0.7914893617021277
0.8
0.8085106382978723
0.8170212765957446
0.825531914893617
0.8340425531914893
0.8425531914893617
0.851063829787234
0.8595744680851064
0.8680851063829788
0.8765957446808511
0.8851063829787233
0.8936170212765957
0.902127659574468
0.9106382978723404
0.9191489361702128
0.9276595744680851
0.9361702127659575
0.9446808510638298
0.9531914893617022
0.9617021276595744
0.9702127659574468
0.9787234042553191
0.9872340425531915
0.9957446808510638
0.0
0.00851063829787234
0.01702127659574468
0.02553191489361702
0.03404255319148936
0.0425531914893617
0.05106382978723404
0.059574468085106386
0.06808510638297872
0.07659574468085106
0.0851063829787234
0.09361702127659574
0.10212765957446808
0.11063829787234042
0.11914893617021277
0.1276595744680851
0.13617021276595745
0.14468085106382977
0.15319148936170213
0.16170212765957448
0.1702127659574468
0.17872340425531916
0.18723404255319148
0.19574468085106383
0.20425531914893616
0.2127659574468085
0.22127659574468084
0.2297872340425532
0.23829787234042554
0.24680851063829787
0.2553191489361702
0.26382978723404255
0.2723404255319149
0.28085106382978725
0.28936170212765955
0.2978723404255319
0.30638297872340425
0.3148936170212766
0.32340425531914896
0.33191489361702126
0.3404255319148936
0.34893617021276596
0.3574468085106383
0.3659574468085106
0.37446808510638296
0.3829787234042553
0.39148936170212767
0.4
0.4085106382978723
0.41702127659574467
0.425531914893617
0.4340425531914894
0.4425531914893617
0.451063829787234
0.4595744680851064
0.46808510638297873
0.4765957446808511
0.4851063829787234
0.49361702127659574
0.502127659574468
0.5106382978723404
0.5191489361702127
0.5276595744680851
0.5361702127659574
0.5446808510638298
0.5531914893617021
0.5617021276595745
0.5702127659574469
0.5787234042553191
0.5872340425531914
0.5957446808510638
0.6042553191489362
0.6127659574468085
0.6212765957446809
0.6297872340425532
0.6382978723404256
0.6468085106382979
0.6553191489361702
0.6638297872340425
0.6723404255319149
0.6808510638297872
0.6893617021276596
0.6978723404255319
0.7063829787234043
0.7148936170212766
0.723404255319149
0.7319148936170212
0.7404255319148936
0.7489361702127659
0.7574468085106383
0.7659574468085106
0.774468085106383
0.7829787234042553
0.7914893617021277
0.8
0.8085106382978723
0.8170212765957446
0.825531914893617
0.8340425531914893
0.8425531914893617
0.851063829787234
0.8595744680851064
0.8680851063829788
0.8765957446808511
0.8851063829787233
0.8936170212765957
0.902127659574468
0.9106382978723404
0.9191489361702128
0.9276595744680851
0.9361702127659575
0.9446808510638298
0.9531914893617022
0.9617021276595744
0.9702127659574468
0.9787234042553191
0.9872340425531915
0.9957446808510638
0.0
0.00851063829787234
0.01702127659574468
0.02553191489361702
0.03404255319148936
0.0425531914893617
0.05106382978723404
0.059574468085106386
0.06808510638297872
0.07659574468085106
0.0851063829787234
0.09361702127659574
0.10212765957446808
0.11063829787234042
0.11914893617021277
0.1276595744680851
0.13617021276595745
0.14468085106382977
0.15319148936170213
0.16170212765957448
0.1702127659574468
0.17872340425531916
0.18723404255319148
0.19574468085106383
0.20425531914893616
0.2127659574468085
0.22127659574468084
0.2297872340425532
0.23829787234042554
0.24680851063829787
0.2553191489361702
0.26382978723404255
0.2723404255319149
0.28085106382978725
0.28936170212765955
0.2978723404255319
0.30638297872340425
0.3148936170212766
0.32340425531914896
0.33191489361702126
0.3404255319148936
0.34893617021276596
0.3574468085106383
0.3659574468085106
0.37446808510638296
0.3829787234042553
0.39148936170212767
0.4
0.4085106382978723
0.41702127659574467
0.425531914893617
0.4340425531914894
0.4425531914893617
0.451063829787234
0.4595744680851064
0.46808510638297873
0.4765957446808511
0.4851063829787234
0.49361702127659574
0.502127659574468
0.5106382978723404
0.5191489361702127
0.5276595744680851
0.5361702127659574
0.5446808510638298
0.5531914893617021
0.5617021276595745
0.5702127659574469
0.5787234042553191
0.5872340425531914
0.5957446808510638
0.6042553191489362
0.6127659574468085
0.6212765957446809
0.6297872340425532
0.6382978723404256
0.6468085106382979
0.6553191489361702
0.6638297872340425
0.6723404255319149
0.6808510638297872
0.6893617021276596
0.6978723404255319
0.7063829787234043
0.7148936170212766
0.723404255319149
0.7319148936170212
0.7404255319148936
0.7489361702127659
0.7574468085106383
0.7659574468085106
0.774468085106383
0.7829787234042553
0.7914893617021277
0.8
0.8085106382978723
0.8170212765957446
0.825531914893617
0.8340425531914893
0.8425531914893617
0.851063829787234
0.8595744680851064
0.8680851063829788
0.8765957446808511
0.8851063829787233
0.8936170212765957
0.902127659574468
0.9106382978723404
0.9191489361702128
0.9276595744680851
0.9361702127659575
0.9446808510638298
0.9531914893617022
0.9617021276595744
0.9702127659574468
0.9787234042553191
0.9872340425531915
0.9957446808510638
0.0
0.00851063829787234
0.01702127659574468
0.02553191489361702
0.03404255319148936
0.0425531914893617
0.05106382978723404
0.059574468085106386
0.06808510638297872
0.07659574468085106
0.0851063829787234
0.09361702127659574
0.10212765957446808
0.11063829787234042
0.11914893617021277
0.1276595744680851
0.13617021276595745
0.14468085106382977
0.15319148936170213
0.16170212765957448
0.1702127659574468
0.17872340425531916
0.18723404255319148
0.19574468085106383
0.20425531914893616
0.2127659574468085
0.22127659574468084
0.2297872340425532
0.23829787234042554
0.24680851063829787
0.2553191489361702
0.26382978723404255
0.2723404255319149
0.28085106382978725
0.28936170212765955
0.2978723404255319
0.30638297872340425
0.3148936170212766
0.32340425531914896
0.33191489361702126
0.3404255319148936
0.34893617021276596
0.3574468085106383
0.3659574468085106
0.37446808510638296
0.3829787234042553
0.39148936170212767
0.4
0.4085106382978723
0.41702127659574467
0.425531914893617
0.4340425531914894
0.4425531914893617
0.451063829787234
0.4595744680851064
0.46808510638297873
0.4765957446808511
0.4851063829787234
0.49361702127659574
0.502127659574468
0.5106382978723404
0.5191489361702127
0.5276595744680851
0.5361702127659574
0.5446808510638298
0.5531914893617021
0.5617021276595745
0.5702127659574469
0.5787234042553191
0.5872340425531914
0.5957446808510638
0.6042553191489362
0.6127659574468085
0.6212765957446809
0.6297872340425532
0.6382978723404256
0.6468085106382979
0.6553191489361702
0.6638297872340425
0.6723404255319149
0.6808510638297872
0.6893617021276596
0.6978723404255319
0.7063829787234043
0.7148936170212766
0.723404255319149
0.7319148936170212
0.7404255319148936
0.7489361702127659
0.7574468085106383
0.7659574468085106
0.774468085106383
0.7829787234042553
0.7914893617021277
0.8
0.8085106382978723
0.8170212765957446
0.825531914893617
0.8340425531914893
0.8425531914893617
0.851063829787234
0.8595744680851064
0.8680851063829788
0.8765957446808511
0.8851063829787233
0.8936170212765957
0.902127659574468
0.9106382978723404
0.9191489361702128
0.9276595744680851
0.9361702127659575
0.9446808510638298
0.9531914893617022
0.9617021276595744
0.9702127659574468
0.9787234042553191
0.9872340425531915
0.9957446808510638
0.0
0.00851063829787234
0.01702127659574468
0.02553191489361702
0.03404255319148936
0.0425531914893617
0.05106382978723404
0.059574468085106386
0.06808510638297872
0.07659574468085106
0.0851063829787234
0.09361702127659574
0.10212765957446808
0.11063829787234042
0.11914893617021277
0.1276595744680851
0.13617021276595745
0.14468085106382977
0.15319148936170213
0.16170212765957448
0.1702127659574468
0.17872340425531916
0.18723404255319148
0.19574468085106383
0.20425531914893616
0.2127659574468085
0.22127659574468084
0.2297872340425532
0.23829787234042554
0.24680851063829787
0.2553191489361702
0.26382978723404255
0.2723404255319149
0.28085106382978725
0.28936170212765955
0.2978723404255319
0.30638297872340425
0.3148936170212766
0.32340425531914896
0.33191489361702126
0.3404255319148936
0.34893617021276596
0.3574468085106383
0.3659574468085106
0.37446808510638296
0.3829787234042553
0.39148936170212767
0.4
0.4085106382978723
0.41702127659574467
0.425531914893617
0.4340425531914894
0.4425531914893617
0.451063829787234
0.4595744680851064
0.46808510638297873
0.4765957446808511
0.4851063829787234
0.49361702127659574
0.502127659574468
0.5106382978723404
0.5191489361702127
0.5276595744680851
0.5361702127659574
0.5446808510638298
0.5531914893617021
0.5617021276595745
0.5702127659574469
0.5787234042553191
0.5872340425531914
0.5957446808510638
0.6042553191489362
0.6127659574468085
0.6212765957446809
0.6297872340425532
0.6382978723404256
0.6468085106382979
0.6553191489361702
0.6638297872340425
0.6723404255319149
0.6808510638297872
0.6893617021276596
0.6978723404255319
0.7063829787234043
0.7148936170212766
0.723404255319149
0.7319148936170212
0.7404255319148936
0.7489361702127659
0.7574468085106383
0.7659574468085106
0.774468085106383
0.7829787234042553
0.7914893617021277
0.8
0.8085106382978723
0.8170212765957446
0.825531914893617
0.8340425531914893
0.8425531914893617
0.851063829787234
0.8595744680851064
0.8680851063829788
0.8765957446808511
0.8851063829787233
0.8936170212765957
0.902127659574468
0.9106382978723404
0.9191489361702128
0.9276595744680851
0.9361702127659575
0.9446808510638298
0.9531914893617022
0.9617021276595744
0.9702127659574468
0.9787234042553191
0.9872340425531915
0.9957446808510638
0.0
0.00851063829787234
0.01702127659574468
0.02553191489361702
0.03404255319148936
0.0425531914893617
0.05106382978723404
0.059574468085106386
0.06808510638297872
0.07659574468085106
0.0851063829787234
0.09361702127659574
0.10212765957446808
0.11063829787234042
0.11914893617021277
0.1276595744680851
0.13617021276595745
0.14468085106382977
0.15319148936170213
0.16170212765957448
0.1702127659574468
0.17872340425531916
0.18723404255319148
0.19574468085106383
0.20425531914893616
0.2127659574468085
0.22127659574468084
0.2297872340425532
0.23829787234042554
0.24680851063829787
0.2553191489361702
0.26382978723404255
0.2723404255319149
0.28085106382978725
0.28936170212765955
0.2978723404255319
0.30638297872340425
0.3148936170212766
0.32340425531914896
0.33191489361702126
0.3404255319148936
0.34893617021276596
0.3574468085106383
0.3659574468085106
0.37446808510638296
0.3829787234042553
0.39148936170212767
0.4
0.4085106382978723
0.41702127659574467
0.425531914893617
0.4340425531914894
0.4425531914893617
0.451063829787234
0.4595744680851064
0.46808510638297873
0.4765957446808511
0.4851063829787234
0.49361702127659574
0.502127659574468
0.5106382978723404
0.5191489361702127
0.5276595744680851
0.5361702127659574
0.5446808510638298
0.5531914893617021
0.5617021276595745
0.5702127659574469
0.5787234042553191
0.5872340425531914
0.5957446808510638
0.6042553191489362
0.6127659574468085
0.6212765957446809
0.6297872340425532
0.6382978723404256
0.6468085106382979
0.6553191489361702
0.6638297872340425
0.6723404255319149
0.6808510638297872
0.6893617021276596
0.6978723404255319
0.7063829787234043
0.7148936170212766
0.723404255319149
0.7319148936170212
0.7404255319148936
0.7489361702127659
0.7574468085106383
0.7659574468085106
0.774468085106383
0.7829787234042553
0.7914893617021277
0.8
0.8085106382978723
0.8170212765957446
0.825531914893617
0.8340425531914893
0.8425531914893617
0.851063829787234
0.8595744680851064
0.8680851063829788
0.8765957446808511
0.8851063829787233
0.8936170212765957
0.902127659574468
0.9106382978723404
0.9191489361702128
0.9276595744680851
0.9361702127659575
0.9446808510638298
0.9531914893617022
0.9617021276595744
0.9702127659574468
0.9787234042553191
0.9872340425531915
0.9957446808510638
0.0
0.00851063829787234
0.01702127659574468
0.02553191489361702
0.03404255319148936
0.0425531914893617
0.05106382978723404
0.059574468085106386
0.06808510638297872
0.07659574468085106
0.0851063829787234
0.09361702127659574
0.10212765957446808
0.11063829787234042
0.11914893617021277
0.1276595744680851
0.13617021276595745
0.14468085106382977
0.15319148936170213
0.16170212765957448
0.1702127659574468
0.17872340425531916
0.18723404255319148
0.19574468085106383
0.20425531914893616
0.2127659574468085
0.22127659574468084
0.2297872340425532
0.23829787234042554
0.24680851063829787
0.2553191489361702
0.26382978723404255
0.2723404255319149
0.28085106382978725
0.28936170212765955
0.2978723404255319
0.30638297872340425
0.3148936170212766
0.32340425531914896
0.33191489361702126
0.3404255319148936
0.34893617021276596
0.3574468085106383
0.3659574468085106
0.37446808510638296
0.3829787234042553
0.39148936170212767
0.4
0.4085106382978723
0.41702127659574467
0.425531914893617
0.4340425531914894
0.4425531914893617
0.451063829787234
0.4595744680851064
0.46808510638297873
0.4765957446808511
0.4851063829787234
0.49361702127659574
0.502127659574468
0.5106382978723404
0.5191489361702127
0.5276595744680851
0.5361702127659574
0.5446808510638298
0.5531914893617021
0.5617021276595745
0.5702127659574469
0.5787234042553191
0.5872340425531914
0.5957446808510638
0.6042553191489362
0.6127659574468085
0.6212765957446809
0.6297872340425532
0.6382978723404256
0.6468085106382979
0.6553191489361702
0.6638297872340425
0.6723404255319149
0.6808510638297872
0.6893617021276596
0.6978723404255319
0.7063829787234043
0.7148936170212766
0.723404255319149
0.7319148936170212
0.7404255319148936
0.7489361702127659
0.7574468085106383
0.7659574468085106
0.774468085106383
0.7829787234042553
0.7914893617021277
0.8
0.8085106382978723
0.8170212765957446
0.825531914893617
0.8340425531914893
0.8425531914893617
0.851063829787234
0.8595744680851064
0.8680851063829788
0.8765957446808511
0.8851063829787233
0.8936170212765957
0.902127659574468
0.9106382978723404
0.9191489361702128
0.9276595744680851
0.9361702127659575
0.9446808510638298
0.9531914893617022
0.9617021276595744
0.9702127659574468
0.9787234042553191
0.9872340425531915
0.9957446808510638
